 train         node      observed        predicted
     y           13    0.726570         0.759850     
     y           19    0.211440         0.204848     
     y           15     1.08430          1.10249     
     y           15     1.03610          1.04584     
     y           14    0.928240         0.941503     
     y           15     1.00590         0.993951     
     y           13    0.143010         0.165392     
     y           18   -0.595950        -0.595052     
     y           13    0.404680         0.418460     
     y           12    0.410290         0.391764     
     y           15    0.595610         0.595478     
     y           14    0.425360         0.436141     
     y           13    0.155180         0.163224     
     y           12   -0.176380        -0.197473     
     y           19   -0.428950        -0.432411     
     y           10    0.610900E-002    0.799296E-002
     y           19   -0.729320E-001   -0.779408E-001
     y           18   -0.433980        -0.435519     
     y           13    0.900300         0.851387     
     y            8   -0.790280        -0.744306     
     y           14    0.290000         0.313108     
     y           13   -0.206430        -0.231527     
     y           19   -0.251330        -0.253575     
     y            8    -1.02650         -1.00812     
     y           13    0.226900         0.251357     
     y            8   -0.965120        -0.957490     
     y            8   -0.111970        -0.966914E-001
     y           13    0.727070         0.720176     
     y           10    0.272900         0.263320     
     y           19   -0.451480E-002   -0.155503E-001
     y           19    0.425600E-001    0.696616E-001
     y           19   -0.568180E-001   -0.583225E-001
     y           11    0.245590         0.254201     
     y           13    0.744770         0.745051     
     y           13    0.374800         0.348351     
     y           13     1.05740          1.04724     
     y           18   -0.433940        -0.427112     
     y           15     1.00680         0.995747     
     y           13    0.213350         0.231228     
     y           13    0.675890         0.661379     
     y           19   -0.224160        -0.223999     
     y           18    -1.51800         -1.51516     
     y           19   -0.328490        -0.328067     
     y            8   -0.254630        -0.257130     
     y           19   -0.391150        -0.377480     
     y           13    0.753530         0.773475     
     y           18   -0.341040        -0.325792     
     y            8   -0.104410        -0.122912     
     y           13   -0.234460        -0.240304     
     y           14    0.534100         0.513359     
     y            8    0.957840E-001    0.908169E-001
     y           12   -0.110350        -0.128804     
     y           18   -0.351320        -0.341894     
     y           15    0.585910         0.583760     
     y           13    0.183170         0.160732     
     y           11    0.359980         0.368905     
     y           13    0.369520         0.372115     
     y            8    -1.03360         -1.03499     
     y           14    0.503800         0.492708     
     y           15    0.577640         0.575247     
     y           10   -0.261210E-001   -0.195583E-001
     y           13    0.450900         0.412270     
     y           18    -1.21430         -1.21137     
     y           13    0.305480         0.301347     
     y           19    0.574060E-001    0.984625E-001
     y           14    0.696210         0.684886     
     y            8   -0.921660        -0.909098     
     y           13    0.647180         0.632347     
     y            8   -0.179660        -0.199941     
     y            8   -0.476540E-001    0.441508E-002
     y           14    0.407790         0.420314     
     y           19   -0.318870        -0.304732     
     y           10    0.292220         0.301332     
     y           13    0.197330         0.186423     
     y            8   -0.987350        -0.973960     
     y           15     1.05170          1.03164     
     y           10   -0.659600E-001   -0.706153E-001
     y           13    0.722630E-001    0.710670E-001
     y           18   -0.779590        -0.782867     
     y           12   -0.123700        -0.103720     
     y            8   -0.513170E-001   -0.591028E-001
     y           11    0.317710         0.315188     
     y           14    0.638740         0.642019     
     y            8   -0.887910E-001   -0.861189E-001
     y           19   -0.351100        -0.349303     
     y           13    0.275190         0.235763     
     y           15    0.880780         0.896517     
     y           15     1.00900          1.00464     
     y           13    0.240800         0.206217     
     y            8    0.204290         0.204645     
     y           13    0.384210         0.392978     
     y           18    -1.43310         -1.42585     
     y           19   -0.353310        -0.360041     
     y           19   -0.333480        -0.341628     
     y           13    0.719390E-001    0.559707E-001
     y           11    0.164380         0.155236     
     y           13    0.835480E-001    0.931155E-001
     y           13    0.273070         0.287878     
     y           14    0.657220         0.655298     
     y           19   -0.372290        -0.354844     
     y            8   -0.973340        -0.993453     
     y           19   -0.335450        -0.347077     
     y           18    -1.50610         -1.51108     
     y           19    0.261950E-001    0.284393E-001
     y           13    0.915510         0.887446     
     y           15    0.799110         0.794632     
     y           14    0.461920         0.462318     
     y           13    0.444670         0.455881     
     y           18   -0.368190        -0.383158     
     y           14    0.717790         0.700742     
     y           19    0.111280E-002    0.887384E-002
     y            8   -0.147460E-001   -0.272257E-001
     y           14     1.22160          1.23259     
     y           12    0.334910         0.334846     
     y           13    0.276250         0.263894     
     y           14    0.552210         0.567690     
     y           13    0.409700         0.401650     
     y            8   -0.808850        -0.831923     
     y            8    0.130440         0.119429     
     y           10   -0.116220        -0.119979     
     y            8   -0.839430        -0.803069     
     y           13    0.259850         0.279782     
     y           13    0.744450         0.753963     
     y           13     1.00900          1.01716     
     y           12   -0.981120E-001   -0.845236E-001
     y           13    0.219510         0.244613     
     y           13    0.290560         0.299210     
     y            8   -0.348470E-001    0.100014E-001
     y           18    -1.34180         -1.33555     
     y           14    0.355030         0.380758     
     y           19   -0.394980        -0.425401     
     y            8   -0.351070E-001   -0.136765E-001
     y           13    0.143500         0.146090     
     y            8   -0.943270        -0.941415     
     y           13    0.267660         0.258616     
     y           14    0.266980         0.300170     
     y           11    0.313890         0.279619     
     y           19   -0.571160E-001   -0.507150E-001
     y           13    0.344500         0.360385     
     y           13    0.340880         0.359568     
     y           13    0.619460         0.606499     
     y           11    0.210580         0.209692     
     y           15     1.28920          1.28994     
     y           14    0.450970         0.411879     
     y           11    0.545190         0.508577     
     y           13    0.683350         0.657148     
     y           10   -0.295490E-001   -0.247219E-001
     y           18    -1.50330         -1.50544     
     y            8    0.234320         0.243091     
     y           14    0.458690         0.424798     
     y           10    0.882590E-003    0.405163E-002
     y           14    0.455170         0.417075     
     y           19   -0.351580        -0.334389     
     y           18   -0.413570        -0.419147     
     y           11    0.798660         0.802912     
     y           13    0.846590E-001    0.778328E-001
     y           19   -0.155910E-001   -0.119582E-001
     y           13    0.318920         0.312166     
     y           13    0.329920         0.317581     
     y           13    0.194000         0.178966     
     y           14    0.608860         0.616193     
     y           14    0.634080         0.629422     
     y           13    0.427080         0.431625     
     y           11    0.828600         0.831167     
     y           13   -0.466590E-002    0.341893E-001
     y           14    0.178480         0.188029     
     y           14    0.627180         0.610355     
     y           13    0.236470         0.255714     
     y           11    0.415620         0.465674     
     y           13    0.702190         0.744527     
     y           11    0.267540         0.258858     
     y           13    0.900080E-001    0.773196E-001
     y           18    -1.50500         -1.51137     
     y           14    0.568200         0.536377     
     y           11    0.398760         0.364815     
     y           19    0.742180E-001    0.796876E-001
     y           18    -1.50520         -1.50998     
     y           19    0.253660         0.236042     
     y           19    0.118150         0.137270     
     y           11    0.749450         0.740404     
     y           15     1.02390          1.02879     
     y           10   -0.104920        -0.103528     
     y           15     1.00690         0.994624     
     y           18   -0.342390        -0.348074     
     y           18   -0.843330        -0.846009     
     y           15     1.32010          1.32010     
     y           11    0.310000         0.354354     
     y           18   -0.723150        -0.726842     
     y           13    0.359010         0.377467     
     y           13    0.780740E-001    0.589085E-001
     y           14    0.477700         0.491454     
     y           15    0.818480         0.822763     
     y           15     1.25300          1.24169     
     y           10    0.726310E-001    0.632447E-001
     y           18    -1.49710         -1.49608     
     y           15    0.946350         0.954603     
     y           15     1.00530         0.994736     
     y           13    0.391500         0.407400     
     y           19   -0.149410        -0.163079     
     y            8   -0.143770        -0.164062     
     y           13    0.556530         0.574220     
     y           13    0.340930         0.308783     
     y            8    0.609460E-001    0.451377E-001
     y           14    0.479940         0.458718     
     y           13    0.359790         0.370576     
     y           14    0.682970         0.676942     
     y            8    0.161400         0.161962     
     y            8   -0.872300        -0.901606     
     y           13    0.212590         0.186747     
     y            8    -1.04440         -1.03962     
     y           13     1.08810          1.09102     
     y           13    0.310520         0.271781     
     y           19   -0.407450        -0.399117     
     y            8   -0.729160        -0.673083     
     y           15     1.01480          1.01492     
     y           13    0.422810         0.430860     
     y           12   -0.192710        -0.173354     
     y           11   -0.117480        -0.957028E-001
     y           12   -0.587060E-001   -0.714611E-001
     y           13    0.394070E-001    0.867959E-001
     y           13    0.415240         0.426388     
     y           11    0.576440         0.550184     
     y           19   -0.238510        -0.238707     
     y           15     1.05100          1.06488     
     y            8   -0.939210        -0.935529     
     y           12   -0.387590        -0.373724     
     y           13    0.388580         0.380882     
     y           12   -0.656640        -0.675654     
     y           13    0.303420         0.294068     
     y           19    0.135290         0.119428     
     y            8   -0.175500        -0.194213     
     y            8   -0.616230E-001   -0.773257E-001
     y           18    -1.48440         -1.48049     
     y           12   -0.574060        -0.579538     
     y            8   -0.658470E-003   -0.150735E-001
     y           14    0.230320         0.247885     
     y           19    0.608340E-001    0.444553E-001
     y            8   -0.895590        -0.924895     
     y           13    0.369480         0.373728     
     y           14    0.185460         0.224797     
     y           19   -0.579820E-001   -0.764034E-001
     y           11    0.863030         0.883856     
     y           19   -0.206240        -0.207536     
     y           14     1.04060          1.06289     
     y           12    0.215820         0.231058     
     y           12    0.378240         0.368855     
     y           14    0.587650         0.597658     
     y           19   -0.937160E-001   -0.102343     
     y           15    0.846060         0.860807     
     y           13    0.574860         0.571015     
     y            8   -0.206180        -0.219408     
     y           19   -0.336020        -0.330144     
     y           15    0.969900         0.973496     
     y           14     1.27180          1.27271     
     y            8   -0.947430        -0.972152     
     y            8   -0.820740        -0.845182     
     y           19   -0.357090        -0.353720     
     y           14    0.342130         0.366024     
     y           12   -0.220510        -0.197770     
     y           13    0.220620         0.232087     
     y            8    -1.04560         -1.02887     
     y           14    0.307030         0.296800     
     y           13    0.735580         0.732231     
     y           13    0.379360         0.373948     
     y           13    0.571980         0.588306     
     y           13    0.377770         0.385961     
     y           13    0.985660E-001    0.133344     
     y           18    -1.06460         -1.06480     
     y           10   -0.104990        -0.104556     
     y           19    0.349900         0.340650     
     y           15     1.21460          1.19503     
     y           13    0.191300         0.190235     
     y           19   -0.185410        -0.197784     
     y           18   -0.435500        -0.433518     
     y           13    0.418670         0.412658     
     y           14    0.264950         0.240754     
     y            8   -0.834840        -0.861189     
     y            8    0.373350E-001    0.283139E-001
     y           13    0.173610         0.183920     
     y           14    0.681650         0.676451     
     y           19   -0.192470        -0.187195     
     y           13    0.376100         0.393596     
     y           13    0.296470         0.283752     
     y           18   -0.429650        -0.433570     
     y           18    -1.14100         -1.13976     
