 train         node      observed        predicted
     y            5     0.00000        -0.641478E-001
     y            5   -0.176500E-001   -0.335264E-001
     y            5   -0.370720E-001   -0.299880E-001
     y            5   -0.509830E-001   -0.400944E-001
     y            5   -0.578500E-001   -0.508539E-001
     y            5   -0.569630E-001   -0.513092E-001
     y            5   -0.443420E-001   -0.340506E-001
     y            5   -0.118800E-001    0.421094E-002
     y            3    0.497940E-001    0.125783     
     y            3    0.145480         0.176695     
     y            3    0.266700         0.243843     
     y            3    0.384100         0.321571     
     y            3    0.459240         0.393646     
     y            3    0.476850         0.439208     
     y            3    0.454400         0.451344     
     y            3    0.420340         0.441572     
     y            3    0.395440         0.425537     
     y            3    0.387500         0.412583     
     y            3    0.392240         0.404811     
     y            3    0.397920         0.399476     
     y            3    0.393100         0.392025     
     y            3    0.373310         0.379414     
     y            5    0.342520         0.362691     
     y            5    0.309630         0.337105     
     y            5    0.283360         0.314722     
     y            5    0.267820         0.293500     
     y            5    0.260350         0.270203     
     y            5    0.252650         0.242661     
     y            5    0.235250         0.210809     
     y            5    0.202750         0.176504     
     y            5    0.156460         0.142276     
     y            5    0.103400         0.109475     
     y            5    0.528120E-001    0.773370E-001
     y            5    0.120700E-001    0.440160E-001
     y            5   -0.166430E-001    0.883678E-002
     y            5   -0.369730E-001   -0.264535E-001
     y            5   -0.555810E-001   -0.581826E-001
     y            5   -0.772540E-001   -0.823716E-001
     y            5   -0.100930        -0.962854E-001
     y            5   -0.119220        -0.991112E-001
     y            5   -0.122010        -0.915889E-001
     y            5   -0.102030        -0.750764E-001
     y            5   -0.586430E-001   -0.505773E-001
     y            5    0.232240E-002   -0.178938E-001
     y            5    0.715140E-001    0.245871E-001
     y            5    0.139760         0.783889E-001
     y            5    0.201180         0.142365     
     y            5    0.254320         0.211265     
     y            3    0.300180         0.291790     
     y            3    0.338250         0.327338     
     y            3    0.364250         0.351891     
     y            3    0.372150         0.362578     
     y            5    0.358750         0.355489     
     y            5    0.326470         0.325688     
     y            5    0.282780         0.289788     
     y            5    0.237300         0.254527     
     y            5    0.198400         0.221503     
     y            5    0.169840         0.188285     
     y            5    0.148680         0.151289     
     y            5    0.125880         0.108116     
     y            5    0.898660E-001    0.581124E-001
     y            5    0.314880E-001    0.140698E-002
     y            5   -0.522140E-001   -0.625859E-001
     y            5   -0.155650        -0.136064     
     y            5   -0.263120        -0.220790     
     y            5   -0.351940        -0.312711     
     y            4   -0.405490        -0.349530     
     y            4   -0.425470        -0.399360     
     y            4   -0.427190        -0.426800     
     y            4   -0.425260        -0.436965     
     y            4   -0.425050        -0.436162     
     y            4   -0.423300        -0.428168     
     y            4   -0.414210        -0.414708     
     y            4   -0.395600        -0.397458     
     y            4   -0.371010        -0.379055     
     y            4   -0.347600        -0.362185     
     y            4   -0.331710        -0.348017     
     y            4   -0.324720        -0.335397     
     y            4   -0.321180        -0.321289     
     y            4   -0.310880        -0.301857     
     y            4   -0.283810        -0.274001     
     y            5   -0.234750        -0.231025     
     y            5   -0.164170        -0.169429     
     y            5   -0.760850E-001   -0.101143     
     y            5    0.247640E-001   -0.230453E-001
     y            3    0.134020         0.138898     
     y            3    0.246010         0.217523     
     y            3    0.350370         0.302613     
     y            3    0.432650         0.384243     
     y            3    0.482510         0.448520     
     y            3    0.500560         0.485514     
     y            3    0.495530         0.495522     
     y            3    0.477590         0.487262     
     y            3    0.455680         0.471702     
     y            3    0.437790         0.457797     
     y            3    0.430510         0.450848     
     y            3    0.436620         0.452190     
     y            3    0.452390         0.459374     
     y            3    0.467960         0.466959     
     y            3    0.472440         0.468537     
     y            3    0.460270         0.460113     
     y            3    0.433780         0.442499     
     y            3    0.401080         0.420424     
     y            3    0.371980         0.399378     
     y            3    0.353950         0.382875     
     y            3    0.348680         0.371606     
     y            3    0.350800         0.363707     
     y            3    0.350230         0.355731     
     y            5    0.337810         0.336533     
     y            5    0.310520         0.306058     
     y            5    0.272740         0.275851     
     y            5    0.233800         0.249943     
     y            5    0.203700         0.229588     
     y            5    0.188870         0.213605     
     y            5    0.189310         0.200491     
     y            5    0.198630         0.190089     
     y            5    0.207690         0.183673     
     y            5    0.210150         0.183057     
     y            5    0.206470         0.189619     
     y            5    0.203790         0.203647     
     y            5    0.211590         0.224183     
     y            3    0.235800         0.268139     
     y            3    0.274110         0.286787     
     y            3    0.315560         0.309329     
     y            3    0.346190         0.331503     
     y            3    0.358050         0.348388     
     y            3    0.354010         0.357763     
     y            3    0.344770         0.361458     
     y            3    0.341500         0.363379     
     y            3    0.349370         0.366444     
     y            3    0.364590         0.370913     
     y            3    0.376830         0.374232     
     y            3    0.375930         0.372659     
     y            5    0.358350         0.365527     
     y            5    0.328620         0.341745     
     y            5    0.295880         0.317948     
     y            5    0.268770         0.295319     
     y            5    0.251110         0.271659     
     y            5    0.239660         0.243440     
     y            5    0.225320         0.207997     
     y            5    0.197390         0.164627     
     y            5    0.148530         0.114222     
     y            5    0.771750E-001    0.577744E-001
     y            5   -0.129080E-001   -0.568225E-002
     y            5   -0.114100        -0.795199E-001
     y            5   -0.215640        -0.166736     
     y            5   -0.304940        -0.264760     
     y            5   -0.371930        -0.362447     
     y            4   -0.413820        -0.380189     
     y            4   -0.434520        -0.419856     
     y            4   -0.439270        -0.435873     
     y            4   -0.431060        -0.431934     
     y            4   -0.411440        -0.414280     
     y            4   -0.383270        -0.389890     
     y            4   -0.352150        -0.365056     
     y            4   -0.325330        -0.343943     
     y            4   -0.308630        -0.327787     
     y            4   -0.302850        -0.315061     
     y            5   -0.302000        -0.336007     
     y            5   -0.295110        -0.307421     
     y            5   -0.271370        -0.267550     
     y            5   -0.224880        -0.217211     
     y            5   -0.155900        -0.158676     
     y            5   -0.685890E-001   -0.926066E-001
     y            5    0.318830E-001   -0.160042E-001
     y            3    0.140510         0.143419     
     y            3    0.250860         0.221275     
     y            3    0.352270         0.304937     
     y            3    0.431090         0.384274     
     y            3    0.478350         0.445932     
     y            3    0.495230         0.480868     
     y            3    0.489920         0.489756     
     y            3    0.471810         0.480955     
     y            3    0.449310         0.464930     
     y            3    0.430290         0.450288     
     y            3    0.421490         0.442245     
     y            3    0.426070         0.442240     
     y            3    0.440720         0.448072     
     y            3    0.455780         0.454572     
     y            3    0.460110         0.455469     
