 train         node      observed        predicted
     y            2   -0.501340E-001   -0.521295E-001
     y            7    0.717300         0.748643     
     y            2   -0.389910        -0.398372     
     y            7    0.311880         0.298174     
     y            7    0.184210         0.206990     
     y            7    0.461920         0.493461     
     y            6   -0.192710        -0.163019     
     y            2   -0.939210        -0.946415     
     y            2   -0.563250        -0.533440     
     y            2    -1.04440         -1.06540     
     y            7    0.882680         0.921156     
     y            7    0.236470         0.247640     
     y            7    0.155180         0.158653     
     y            7     1.00900          1.00838     
     y            2    0.164380         0.153501     
     y            6   -0.483480        -0.457770     
     y            7    0.760460         0.761491     
     y            6   -0.414060        -0.483824     
     y            7    0.414450         0.405632     
     y            7    0.213350         0.224081     
     y            2    0.742180E-001    0.550232E-001
     y            7     1.02530          1.00254     
     y            7    0.372740         0.358040     
     y            2    0.398760         0.364552     
     y            2   -0.872300        -0.908505     
     y            2   -0.211240        -0.224393     
     y            6   -0.176180        -0.160371     
     y            2    0.278740         0.246140     
     y            7    0.230320         0.278021     
     y            7    0.681650         0.708598     
     y            7     1.34270          1.31602     
     y            2    0.608340E-001    0.222302E-001
     y            6   -0.289520        -0.257557     
     y            2   -0.251330        -0.253257     
     y            7    0.946350         0.963135     
     y            7    0.307030         0.327165     
     y            6   -0.412950        -0.449726     
     y            2   -0.117800        -0.847272E-001
     y            7    0.136260         0.165646     
     y            7    0.777380         0.778037     
     y            6   -0.981120E-001   -0.770147E-001
     y            2    0.749450         0.747633     
     y            2   -0.973340         -1.01211     
     y            2   -0.329220        -0.326056     
     y            7    0.596230         0.624740     
     y            7    0.390910         0.385963     
     y            2   -0.351070E-001   -0.263955E-001
     y            2    0.287460         0.368463     
     y            2   -0.335450        -0.338983     
     y            2    0.310000         0.353972     
     y            2   -0.143770        -0.163884     
     y            2   -0.104990        -0.649456E-001
     y            6    0.981620E-001    0.880067E-001
     y            6   -0.248790        -0.240575     
     y            6    0.431880         0.397264     
     y            2    0.408090         0.447509     
     y            2    -1.54220         -1.54220     
     y            7    0.282830         0.293106     
     y            2    0.118150         0.108722     
     y            2    0.545190         0.510446     
     y            7    0.286620         0.264166     
     y            2    -1.49710         -1.50147     
     y            7    0.190340         0.191704     
     y            2   -0.132470        -0.150049     
     y            7    0.818480         0.838345     
     y            7    0.169160         0.142097     
     y            2    0.278220         0.253847     
     y            2   -0.863710E-001   -0.432399E-001
     y            7    0.986980         0.991572     
     y            7    0.191340         0.200783     
     y            2   -0.975360        -0.979439     
     y            2    -1.03360         -1.06002     
     y            2   -0.659600E-001   -0.237548E-001
     y            7    0.547290         0.487314     
     y            7    0.303420         0.284541     
     y            7     1.00680          1.00042     
     y            7    0.193690         0.170372     
     y            7    0.178480         0.217883     
     y            2    -1.50330         -1.51407     
     y            2    -1.00050         -1.00207     
     y            2    -1.50500         -1.52209     
     y            7     1.04060          1.09685     
     y            7    0.567810         0.537687     
     y            2   -0.341040        -0.344787     
     y            2    -1.28190         -1.23164     
     y            7     1.05170          1.03236     
     y            7    0.754210         0.736279     
     y            7    0.880780         0.909205     
     y            7   -0.851570E-001   -0.738146E-001
     y            2    -1.04990         -1.06124     
     y            2   -0.342140        -0.328724     
     y            6    0.985660E-001    0.873492E-001
     y            6    0.342130         0.359375     
     y            7    0.553480         0.542413     
     y            7    0.374800         0.336768     
     y            6   -0.387590        -0.357017     
     y            2   -0.820740        -0.846327     
     y            2    0.211440         0.171905     
     y            7     1.35450          1.33879     
     y            2    0.234320         0.199968     
     y            2    0.723060         0.718047     
     y            2   -0.413570        -0.419635     
     y            2   -0.674260        -0.637679     
     y            7    0.634080         0.661348     
     y            7    0.500210         0.516980     
     y            2   -0.422760        -0.426840     
     y            7     1.00900         0.980245     
     y            7    0.726570         0.732681     
     y            7    0.220620         0.224907     
     y            7    0.194000         0.173798     
     y            2   -0.111970        -0.101808     
     y            7    0.703320         0.666870     
     y            2   -0.834840        -0.863858     
     y            7    0.397120         0.391374     
     y            2   -0.451480E-002   -0.335112E-001
     y            7    0.329920         0.307163     
     y            2    0.664680         0.650684     
     y            6    0.846590E-001    0.328969E-001
     y            6    0.191240E-001    0.446212E-001
     y            7    0.746560         0.752089     
     y            7    0.466390         0.469418     
     y            7    0.835480E-001    0.911992E-001
     y            7     1.08810          1.05131     
     y            7    0.576990         0.557962     
     y            7    0.264950         0.270857     
     y            6    0.378240         0.361943     
     y            6    0.334910         0.329016     
     y            7    0.956380         0.908328     
     y            2   -0.887910E-001   -0.921386E-001
     y            7    0.556530         0.554082     
     y            2   -0.997230         -1.03292     
     y            2   -0.895590        -0.934487     
     y            6    0.643930E-001    0.873081E-001
     y            2    0.470860         0.474440     
     y            7   -0.238830        -0.250461     
     y            2   -0.808850        -0.831869     
     y            7    0.422810         0.416152     
     y            2    -1.34180         -1.29952     
     y            6    0.539420E-001    0.150444E-001
     y            7    0.769790         0.769139     
     y            7     1.03860          1.01896     
     y            2   -0.309860        -0.314288     
     y            7    0.290560         0.289488     
     y            2   -0.179660        -0.197276     
     y            2    0.130440         0.921891E-001
     y            6   -0.167900E-001   -0.185167E-002
     y            7    0.427810         0.413986     
     y            7    0.325780         0.332939     
     y            7   -0.123420        -0.717892E-001
     y            6    0.552210         0.565947     
     y            7     1.10790          1.08224     
     y            7   -0.213750        -0.191936     
     y            7    0.304970         0.314075     
     y            7    0.928240         0.974895     
     y            2   -0.357090        -0.345060     
     y            7    0.895180E-001    0.712484E-001
     y            2    -1.50610         -1.52170     
     y            2   -0.843330        -0.789617     
     y            2   -0.729320E-001   -0.913211E-001
     y            6    0.696210         0.685994     
     y            2    -1.46350         -1.45050     
     y            7     1.00530         0.999512     
     y            7    0.191300         0.184640     
     y            7     1.21460          1.17162     
     y            2    -1.39250         -1.35947     
     y            2   -0.723150        -0.681075     
     y            7    0.388580         0.368066     
     y            2   -0.937160E-001   -0.113891     
     y            2    0.415100         0.403840     
     y            7    0.981570          1.03438     
     y            6   -0.110350        -0.119887     
     y            7    0.563960         0.562164     
     y            7    0.427080         0.416888     
     y            7     1.33950          1.34998     
     y            2   -0.785830        -0.808366     
     y            7     1.27180          1.30766     
     y            2    0.789740E-001    0.324785E-001
     y            2   -0.987870        -0.926636     
     y            7    0.848010E-001    0.644698E-001
     y            7    0.249250         0.260961     
     y            2   -0.903750        -0.889406     
     y            7   -0.116220        -0.119928     
     y            2    0.606580E-001    0.884003E-001
     y            7     1.10260          1.15872     
     y            2   -0.348470E-001   -0.509574E-002
     y            7     1.01560         0.956202     
     y            2    0.379210E-001    0.282359E-001
     y            7    0.173610         0.178564     
     y            7     1.06750          1.07841     
     y            7    0.638740         0.674005     
     y            7   -0.206180        -0.244445     
     y            7    0.359790         0.358151     
     y            7    0.359010         0.364781     
     y            7    0.422480         0.478769     
     y            7     1.05740          1.00919     
     y            7    0.527140         0.549840     
     y            2   -0.149410        -0.169967     
     y            7    0.675890         0.637940     
     y            7    0.338770         0.367170     
     y            7    0.595610         0.599326     
     y            7   -0.104920        -0.100013     
     y            2    0.637790         0.616444     
     y            2   -0.352560        -0.326644     
     y            2   -0.182540        -0.191993     
     y            7   -0.176380        -0.138569     
     y            2    0.317500         0.391843     
     y            2    -1.51040         -1.52299     
     y            2    -1.14100         -1.08050     
     y            2   -0.166590        -0.177435     
     y            7     1.09970          1.10602     
     y            2    -1.04970         -1.06560     
     y            2   -0.932720        -0.935130     
     y            2   -0.428950        -0.416926     
     y            7    0.416640         0.404604     
     y            2   -0.391150        -0.366784     
     y            2    -1.06460         -1.00260     
     y            7    0.259850         0.270796     
     y            2   -0.368190        -0.390561     
     y            2   -0.616230E-001   -0.841113E-001
     y            7    0.104600         0.123102     
     y            2   -0.476540E-001   -0.101128E-001
     y            7    0.344500         0.348346     
     y            2   -0.921660        -0.916842     
     y            2   -0.327850        -0.335760     
     y            7    0.577410         0.567212     
     y            7    0.305480         0.291544     
     y            6    0.116320         0.107855     
     y            7     1.14190          1.10592     
     y            7    0.691340E-001    0.586142E-001
     y            2    0.343820         0.375820     
     y            2   -0.921030        -0.961415     
     y            6    0.608860         0.615630     
     y            2   -0.350810        -0.344556     
     y            2    -1.04560         -1.05292     
     y            6   -0.220510        -0.186659     
     y            6   -0.462960        -0.492033     
     y            2   -0.311060        -0.320142     
     y            7    0.322510         0.329291     
     y            2   -0.946750        -0.957174     
     y            6    0.162970         0.142786     
     y            7     1.11830          1.11197     
     y            2   -0.336020        -0.323483     
     y            2   -0.322280        -0.335413     
     y            2   -0.571160E-001   -0.661127E-001
     y            7    0.196970         0.208109     
     y            2   -0.333480        -0.333996     
     y            7    0.197330         0.180972     
     y            7    0.753530         0.745791     
     y            7    0.574860         0.550999     
     y            7    0.301380         0.293620     
     y            2   -0.328490        -0.321581     
     y            7    0.799110         0.810554     
     y            6    0.185460         0.214712     
     y            2    0.359980         0.368690     
     y            7    0.370990         0.350311     
     y            2   -0.420170        -0.403616     
     y            7    0.355030         0.411517     
     y            7    0.714830         0.674388     
     y            7    0.786210         0.791035     
     y            7    0.780740E-001    0.582878E-001
     y            7    0.273070         0.278585     
     y            7    0.369480         0.361184     
     y            7    0.250820         0.252779     
     y            2    0.610900E-002    0.626073E-001
     y            2   -0.140540        -0.159481     
     y            2    0.576440         0.552841     
     y            2    0.214930         0.203173     
     y            7    0.391500         0.393581     
     y            7    0.255690         0.275462     
     y            2    0.349900         0.299405     
     y            7    0.683350         0.633869     
     y            2   -0.579820E-001   -0.898985E-001
     y            6    0.561850E-001    0.599289E-001
     y            7   -0.228490        -0.254865     
     y            2    0.339070         0.396994     
     y            2   -0.151000        -0.166931     
     y            7    0.143500         0.142167     
     y            6    0.280430         0.284500     
     y            2   -0.215660        -0.222746     
     y            2   -0.107880        -0.979873E-001
     y            2   -0.120610        -0.910982E-001
     y            7    0.651400         0.672675     
     y            7     1.16400          1.21677     
     y            6   -0.574060        -0.556284     
     y            7    0.267660         0.250431     
