 train         node      observed        predicted
     y            2   -0.501340E-001   -0.127002     
     y           14    0.717300         0.672453     
     y           14   -0.389910        -0.632287     
     y            2    0.311880         0.331496     
     y            2    0.184210         0.252177     
     y            2    0.461920         0.508488     
     y            2   -0.192710        -0.433071E-001
     y            6   -0.939210        -0.855070     
     y           14   -0.563250        -0.433011     
     y            6    -1.04440         -1.24175     
     y           14    0.882680         0.742482     
     y            2    0.236470         0.321082     
     y            2    0.155180         0.227756     
     y           31     1.00900          1.08037     
     y            2    0.164380         0.445817E-001
     y            2   -0.483480        -0.393067     
     y           14    0.760460         0.553376     
     y           14   -0.414060        -0.267321     
     y           14    0.414450         0.693094     
     y            2    0.213350         0.311904     
     y            2    0.742180E-001    0.345531     
     y           30     1.02530          1.00213     
     y           30    0.372740         0.559819     
     y            2    0.398760         0.193554     
     y            6   -0.872300        -0.961098     
     y            2   -0.211240        -0.182249     
     y           14   -0.176180        -0.200984     
     y            2    0.278740         0.165228     
     y            2    0.230320         0.584117E-001
     y           14    0.681650         0.653127     
     y           31     1.34270          1.03411     
     y            2    0.608340E-001   -0.521087E-001
     y            2   -0.289520        -0.149329     
     y            2   -0.251330         0.299603E-001
     y           14    0.946350         0.878213     
     y            2    0.307030         0.321535     
     y            2   -0.412950        -0.385681     
     y            2   -0.117800        -0.108940     
     y            2    0.136260         0.121848     
     y           14    0.777380         0.628190     
     y           14   -0.981120E-001   -0.174562     
     y           14    0.749450         0.656124     
     y            6   -0.973340         -1.07542     
     y           14   -0.329220        -0.454631     
     y            2    0.596230         0.365377     
     y           30    0.390910         0.719226     
     y            2   -0.351070E-001   -0.127002     
     y            2    0.287460         0.331496     
     y           14   -0.335450        -0.371901     
     y            2    0.310000         0.331496     
     y            2   -0.143770        -0.182249     
     y            2   -0.104990        -0.108940     
     y            2    0.981620E-001    0.207637     
     y           14   -0.248790        -0.225180     
     y            2    0.431880         0.319460     
     y           14    0.408090         0.528357     
     y            6    -1.54220         -1.16985     
     y           14    0.282830         0.521458     
     y            2    0.118150         0.386279E-001
     y           30    0.545190         0.439623     
     y            2    0.286620         0.588326     
     y            6    -1.49710         -1.17964     
     y            2    0.190340         0.331496     
     y            2   -0.132470        -0.149216     
     y           14    0.818480         0.708081     
     y            2    0.169160         0.185404     
     y            2    0.278220         0.171972     
     y            2   -0.863710E-001   -0.117860     
     y           14    0.986980         0.954787     
     y            2    0.191340         0.285418     
     y            6   -0.975360         -1.15760     
     y            6    -1.03360         -1.20229     
     y            2   -0.659600E-001   -0.127002     
     y           14    0.547290         0.576857     
     y            2    0.303420         0.588326     
     y           31     1.00680          1.09644     
     y            2    0.193690         0.145306     
     y            2    0.178480         0.101341     
     y            6    -1.50330         -1.17684     
     y            6    -1.00050         -1.24933     
     y            6    -1.50500         -1.18219     
     y           14     1.04060         0.785931     
     y            2    0.567810         0.391279     
     y           14   -0.341040        -0.510617     
     y            6    -1.28190         -1.23337     
     y           30     1.05170          1.17199     
     y           14    0.754210         0.644040     
     y           14    0.880780         0.797305     
     y            2   -0.851570E-001   -0.113185E-001
     y            6    -1.04990         -1.29990     
     y           14   -0.342140        -0.401604     
     y            2    0.985660E-001    0.132091     
     y            2    0.342130         0.443092     
     y            2    0.553480         0.497481     
     y           14    0.374800         0.514492     
     y            2   -0.387590        -0.300561     
     y            6   -0.820740        -0.917734     
     y            2    0.211440         0.100143     
     y           30     1.35450          1.29262     
     y            2    0.234320         0.766373E-001
     y           30    0.723060         0.569930     
     y           14   -0.413570        -0.664195     
     y           14   -0.674260        -0.566556     
     y            2    0.634080         0.462967     
     y            2    0.500210         0.331911     
     y           14   -0.422760        -0.667007     
     y           30     1.00900         0.923369     
     y            2    0.726570         0.535465     
     y            2    0.220620         0.262138     
     y            2    0.194000         0.331496     
     y            2   -0.111970        -0.108940     
     y           14    0.703320         0.648824     
     y            6   -0.834840        -0.931472     
     y           30    0.397120         0.718621     
     y            2   -0.451480E-002   -0.810638E-001
     y            2    0.329920         0.334712     
     y           14    0.664680         0.588076     
     y            2    0.846590E-001    0.406728E-001
     y            2    0.191240E-001    0.681952E-001
     y           14    0.746560         0.511304     
     y            2    0.466390         0.331911     
     y            2    0.835480E-001    0.101341     
     y           30     1.08810          1.09664     
     y            2    0.576990         0.391279     
     y            2    0.264950         0.294775     
     y            2    0.378240         0.210929     
     y            2    0.334910         0.113773     
     y           30    0.956380         0.787078     
     y            2   -0.887910E-001   -0.108940     
     y            2    0.556530         0.458684     
     y            6   -0.997230         -1.11644     
     y            6   -0.895590        -0.981303     
     y           14    0.643930E-001   -0.111016     
     y            2    0.470860         0.391279     
     y            2   -0.238830        -0.813751E-001
     y            6   -0.808850        -0.901240     
     y           31    0.422810         0.470904     
     y            6    -1.34180         -1.22872     
     y            2    0.539420E-001    0.377412E-001
     y           14    0.769790         0.592671     
     y           30     1.03860          1.08598     
     y           14   -0.309860        -0.381902     
     y            2    0.290560         0.322789     
     y            2   -0.179660        -0.182249     
     y            2    0.130440        -0.113185E-001
     y            2   -0.167900E-001    0.113773     
     y           31    0.427810         0.401268     
     y           14    0.325780         0.554980     
     y            2   -0.123420        -0.742177E-001
     y            2    0.552210         0.322789     
     y           30     1.10790          1.14141     
     y            2   -0.213750        -0.813751E-001
     y           14    0.304970         0.542486     
     y           14    0.928240         0.756814     
     y            2   -0.357090        -0.182249     
     y            2    0.895180E-001    0.461739E-001
     y            6    -1.50610         -1.19412     
     y           14   -0.843330        -0.693297     
     y            2   -0.729320E-001   -0.157790     
     y            2    0.696210         0.628848     
     y            6    -1.46350         -1.19624     
     y           31     1.00530          1.14248     
     y            2    0.191300         0.145306     
     y           31     1.21460          1.19365     
     y            6    -1.39250         -1.21946     
     y           14   -0.723150        -0.611669     
     y           30    0.388580         0.578088     
     y            2   -0.937160E-001   -0.149216     
     y            2    0.415100         0.345531     
     y           14    0.981570         0.770892     
     y            2   -0.110350        -0.318710E-001
     y            2    0.563960         0.443404     
     y           31    0.427080         0.445650     
     y           30     1.33950          1.12339     
     y            6   -0.785830        -0.849526     
     y           30     1.27180         0.956044     
     y           14    0.789740E-001    0.496429     
     y            6   -0.987870         -1.16904     
     y            2    0.848010E-001    0.513373E-001
     y            2    0.249250         0.258733     
     y           14   -0.903750        -0.471544     
     y            2   -0.116220        -0.113185E-001
     y            2    0.606580E-001   -0.421762E-001
     y           14     1.10260         0.802952     
     y            2   -0.348470E-001   -0.127002     
     y           30     1.01560         0.939922     
     y            2    0.379210E-001   -0.264202E-001
     y            2    0.173610         0.145306     
     y           30     1.06750          1.23186     
     y           14    0.638740         0.528427     
     y            2   -0.206180        -0.813751E-001
     y           14    0.359790         0.552007     
     y           14    0.359010         0.760062     
     y            2    0.422480         0.642203E-001
     y           30     1.05740          1.03051     
     y            2    0.527140         0.331911     
     y            2   -0.149410        -0.182249     
     y           14    0.675890         0.636772     
     y            2    0.338770         0.329524     
     y           14    0.595610         0.605002     
     y            2   -0.104920        -0.113185E-001
     y           30    0.637790         0.509713     
     y           14   -0.352560        -0.407874     
     y            2   -0.182540         0.766373E-001
     y            2   -0.176380        -0.813751E-001
     y            2    0.317500         0.351823     
     y            6    -1.51040         -1.19754     
     y            6    -1.14100         -1.22055     
     y            2   -0.166590        -0.149216     
     y           30     1.09970          1.20300     
     y            6    -1.04970         -1.27515     
     y            6   -0.932720        -0.815617     
     y           14   -0.428950        -0.555548     
     y           14    0.416640         0.644732     
     y           14   -0.391150        -0.453116     
     y            6    -1.06460         -1.20001     
     y            2    0.259850         0.322469     
     y           14   -0.368190        -0.338235     
     y            2   -0.616230E-001   -0.293230E-001
     y            2    0.104600         0.117763     
     y            2   -0.476540E-001   -0.127002     
     y           14    0.344500         0.558150     
     y           14   -0.921660        -0.495608     
     y            2   -0.327850        -0.182249     
     y            2    0.577410         0.416672     
     y            2    0.305480         0.547030     
     y            2    0.116320         0.196355     
     y           31     1.14190          1.13539     
     y            2    0.691340E-001    0.896542E-001
     y            2    0.343820         0.345531     
     y            6   -0.921030         -1.00697     
     y            2    0.608860         0.443092     
     y           14   -0.350810        -0.392107     
     y            6    -1.04560         -1.31397     
     y            2   -0.220510        -0.605470E-001
     y           14   -0.462960        -0.325859     
     y            2   -0.311060        -0.182249     
     y           14    0.322510         0.680692     
     y            6   -0.946750        -0.945303     
     y            2    0.162970         0.210929     
     y           30     1.11830          1.18510     
     y           14   -0.336020        -0.407688     
     y           14   -0.322280        -0.374234     
     y            2   -0.571160E-001   -0.113185E-001
     y            2    0.196970         0.239368     
     y           14   -0.333480        -0.480658     
     y            2    0.197330         0.145306     
     y           14    0.753530         0.628966     
     y           14    0.574860         0.545942     
     y            2    0.301380         0.443092     
     y           14   -0.328490        -0.433618     
     y           14    0.799110         0.685857     
     y            2    0.185460         0.295246     
     y            2    0.359980         0.224889     
     y           14    0.370990         0.515805     
     y           14   -0.420170        -0.519526     
     y            2    0.355030        -0.566853E-001
     y           14    0.714830         0.547694     
     y           14    0.786210         0.659311     
     y            2    0.780740E-001    0.584117E-001
     y            2    0.273070         0.260676     
     y           30    0.369480         0.600112     
     y            2    0.250820         0.292077     
     y            2    0.610900E-002   -0.421762E-001
     y            2   -0.140540        -0.813751E-001
     y           14    0.576440         0.517609     
     y            2    0.214930         0.766373E-001
     y           31    0.391500         0.389228     
     y            2    0.255690         0.331496     
     y           30    0.349900         0.258287     
     y           14    0.683350         0.561852     
     y           14   -0.579820E-001    0.388047     
     y            2    0.561850E-001    0.158323     
     y            2   -0.228490        -0.813751E-001
     y            2    0.339070         0.391279     
     y            2   -0.151000         0.118461     
     y            2    0.143500         0.224181     
     y            2    0.280430        -0.824726E-002
     y            2   -0.215660        -0.182249     
     y            2   -0.107880        -0.113185E-001
     y            2   -0.120610        -0.835200E-001
     y           14    0.651400         0.637970     
     y           30     1.16400         0.815583     
     y           14   -0.574060        -0.264862     
     y            2    0.267660         0.588326     
