4147202
2107402
1599502
1962002
690203
2076702
1218602
1077301
577602
751702
2445402
1122402
102502
1134702
4176002
1505501
4628702
1919202
2998502
4995302
2337003
1900802
2212102
1921303
3051803
196902
5880102
1028402
1800502
2589003
2140502
711002
967003
1530202
3359102
2591102
137602
1493402
1706402
1034702
1913302
1618402
98802
2163202
6519302
1053201
596502
1475102
301602
1231402
4508202
774702
1397301
5032502
4008502
393802
193102
977502
5546602
4471402
1735301
4088503
871101
1915602
2814703
3390202
1393402
684802
3193603
1758003
1424201
1373001
2196302
975702
1235802
3351402
1366902
95102
867202
2360203
828302
2423702
1672101
1416102
2290601
1227702
1342402
1188802
2241501
2450403
797702
109602
881702
1551401
2122802
3048503
3923002
2186303
2088002
1379402
1084502
4770902
3601502
1258602
2286702
1475702
2763902
2378902
236702
4443302
2804903
2411702
3196102
4142302
767201
2000102
5489902
3974403
3935502
509202
931102
3908902
716102
5580102
6663502
4363602
1701202
2366802
46502
716202
4285902
5010902
2254302
3073503
669202
1031702
3411503
4025903
2037302
4259402
2467402
1293902
274002
1246802
743002
601702
2205302
1035903
1320601
863902
1375902
1259202
46802
409302
3028702
1492702
2588403
32503
497402
1474302
1124102
778002
4003602
2570002
4976402
1298201
2987802
2223901
2752303
5738302
5226302
1091402
2486103
87902
419701
1165202
3016602
2107301
1957801
5046202
237502
2873303
6012902
593902
1779703
